route_id,direction_id,stop_id,route_stop_sort_order
AIR,0,90401,1
AIR,0,90402,2
AIR,0,90403,3
AIR,0,90404,4
AIR,0,90405,5
AIR,0,90406,6
AIR,0,90004,7
AIR,0,90005,8
AIR,0,90006,9
AIR,0,90007,10
AIR,1,90007,1
AIR,1,90006,2
AIR,1,90005,3
AIR,1,90004,4
AIR,1,90406,5
AIR,1,90405,6
AIR,1,90404,7
AIR,1,90403,8
AIR,1,90402,9
AIR,1,90401,10
CHE,0,90406,0
CHE,0,90004,1
CHE,0,90005,2
CHE,0,90006,3
CHE,0,90007,4
CHE,0,90009,5
CHE,0,90712,6
CHE,0,90713,7
CHE,0,90714,8
CHE,0,90715,9
CHE,0,90716,10
CHE,0,90717,11
CHE,0,90718,12
CHE,0,90719,13
CHE,0,90720,14
CHE,1,90720,1
CHE,1,90719,2
CHE,1,90718,3
CHE,1,90717,4
CHE,1,90716,5
CHE,1,90715,6
CHE,1,90714,7
CHE,1,90713,8
CHE,1,90712,9
CHE,1,90009,10
CHE,1,90007,11
CHE,1,90006,12
CHE,1,90005,13
CHE,1,90004,14
CHE,1,90406,15
CHW,0,90801,1
CHW,0,90802,2
CHW,0,90803,3
CHW,0,90804,4
CHW,0,90805,5
CHW,0,90806,6
CHW,0,90807,7
CHW,0,90808,8
CHW,0,90809,9
CHW,0,90810,10
CHW,0,90004,11
CHW,0,90005,12
CHW,0,90006,13
CHW,0,90007,14
CHW,1,90007,1
CHW,1,90006,2
CHW,1,90005,3
CHW,1,90004,4
CHW,1,90810,5
CHW,1,90809,6
CHW,1,90808,7
CHW,1,90807,8
CHW,1,90806,9
CHW,1,90805,10
CHW,1,90804,11
CHW,1,90803,12
CHW,1,90802,13
CHW,1,90801,14
CYN,0,90001,1
CYN,0,90002,2
CYN,0,90003,3
CYN,0,90004,4
CYN,0,90005,5
CYN,1,90005,1
CYN,1,90004,2
CYN,1,90003,3
CYN,1,90002,4
CYN,1,90001,5
FOX,0,90406,0
FOX,0,90004,1
FOX,0,90005,2
FOX,0,90006,3
FOX,0,90007,4
FOX,0,90009,5
FOX,0,90811,6
FOX,0,90812,7
FOX,0,90813,8
FOX,0,90814,9
FOX,0,90815,10
FOX,1,90815,1
FOX,1,90814,2
FOX,1,90813,3
FOX,1,90812,4
FOX,1,90811,5
FOX,1,90009,6
FOX,1,90007,7
FOX,1,90006,8
FOX,1,90005,9
FOX,1,90004,10
FOX,1,90406,11
LAN,0,90406,1
LAN,0,90004,2
LAN,0,90005,3
LAN,0,90006,4
LAN,0,90007,5
LAN,0,90008,6
LAN,0,90009,7
LAN,0,90407,8
LAN,0,90410,9
LAN,0,90411,10
LAN,0,90523,11
LAN,0,90524,12
LAN,0,90525,13
LAN,0,90526,14
LAN,0,90527,15
LAN,0,90528,16
LAN,0,90529,17
LAN,0,90530,18
LAN,0,90531,19
LAN,0,90539,20
LAN,0,90532,21
LAN,0,90533,22
LAN,0,90534,23
LAN,0,90535,24
LAN,0,90536,25
LAN,0,90537,26
LAN,0,90538,27
LAN,1,90538,1
LAN,1,90537,2
LAN,1,90536,3
LAN,1,90535,4
LAN,1,90534,5
LAN,1,90533,6
LAN,1,90532,7
LAN,1,90539,8
LAN,1,90531,9
LAN,1,90530,10
LAN,1,90529,11
LAN,1,90528,12
LAN,1,90527,13
LAN,1,90526,14
LAN,1,90525,15
LAN,1,90524,16
LAN,1,90523,17
LAN,1,90411,18
LAN,1,90410,19
LAN,1,90407,20
LAN,1,90009,21
LAN,1,90008,22
LAN,1,90007,23
LAN,1,90006,24
LAN,1,90005,25
LAN,1,90004,26
LAN,1,90406,27
MED,0,90300,1
MED,0,90301,2
MED,0,90302,3
MED,0,90303,4
MED,0,90304,5
MED,0,90305,6
MED,0,90306,7
MED,0,90307,8
MED,0,90308,9
MED,0,90309,10
MED,0,90310,11
MED,0,90311,12
MED,0,90312,13
MED,0,90313,14
MED,0,90314,15
MED,0,90406,16
MED,0,90004,17
MED,0,90005,18
MED,0,90006,19
MED,0,90007,20
MED,1,90007,1
MED,1,90006,2
MED,1,90005,3
MED,1,90004,4
MED,1,90406,5
MED,1,90314,6
MED,1,90313,7
MED,1,90312,8
MED,1,90311,9
MED,1,90310,10
MED,1,90309,11
MED,1,90308,12
MED,1,90307,13
MED,1,90306,14
MED,1,90305,15
MED,1,90304,16
MED,1,90303,17
MED,1,90302,18
MED,1,90301,19
MED,1,90300,20
NOR,0,90406,0
NOR,0,90004,1
NOR,0,90005,2
NOR,0,90006,3
NOR,0,90007,4
NOR,0,90008,5
NOR,0,90218,6
NOR,0,90219,7
NOR,0,90220,8
NOR,0,90221,9
NOR,0,90222,10
NOR,0,90223,11
NOR,0,90224,12
NOR,0,90225,13
NOR,0,90226,14
NOR,0,90227,15
NOR,0,90228,16
NOR,1,90228,1
NOR,1,90227,2
NOR,1,90226,3
NOR,1,90225,4
NOR,1,90224,5
NOR,1,90223,6
NOR,1,90222,7
NOR,1,90221,8
NOR,1,90220,9
NOR,1,90219,10
NOR,1,90218,11
NOR,1,90008,12
NOR,1,90007,13
NOR,1,90006,14
NOR,1,90005,15
NOR,1,90004,16
NOR,1,90406,17
PAO,0,90501,1
PAO,0,90502,2
PAO,0,90503,3
PAO,0,90504,4
PAO,0,90505,5
PAO,0,90506,6
PAO,0,90507,7
PAO,0,90508,8
PAO,0,90509,9
PAO,0,90510,10
PAO,0,90511,11
PAO,0,90512,12
PAO,0,90513,13
PAO,0,90514,14
PAO,0,90515,15
PAO,0,90516,16
PAO,0,90517,17
PAO,0,90518,18
PAO,0,90519,19
PAO,0,90520,20
PAO,0,90521,21
PAO,0,90522,22
PAO,0,90004,23
PAO,0,90005,24
PAO,0,90006,25
PAO,0,90007,26
PAO,1,90007,1
PAO,1,90006,2
PAO,1,90005,3
PAO,1,90004,4
PAO,1,90522,5
PAO,1,90521,6
PAO,1,90520,7
PAO,1,90519,8
PAO,1,90518,9
PAO,1,90517,10
PAO,1,90516,11
PAO,1,90515,12
PAO,1,90514,13
PAO,1,90513,14
PAO,1,90512,15
PAO,1,90511,16
PAO,1,90510,17
PAO,1,90509,18
PAO,1,90508,19
PAO,1,90507,20
PAO,1,90506,21
PAO,1,90505,22
PAO,1,90504,23
PAO,1,90503,24
PAO,1,90502,25
PAO,1,90501,26
TRE,0,90701,1
TRE,0,90702,2
TRE,0,90703,3
TRE,0,90704,4
TRE,0,90705,5
TRE,0,90706,6
TRE,0,90707,7
TRE,0,90708,8
TRE,0,90709,9
TRE,0,90710,10
TRE,0,90711,11
TRE,0,90004,12
TRE,0,90005,13
TRE,0,90006,14
TRE,0,90007,15
TRE,1,90007,1
TRE,1,90006,2
TRE,1,90005,3
TRE,1,90004,4
TRE,1,90711,5
TRE,1,90710,6
TRE,1,90709,7
TRE,1,90708,8
TRE,1,90707,9
TRE,1,90706,10
TRE,1,90705,11
TRE,1,90704,12
TRE,1,90703,13
TRE,1,90702,14
TRE,1,90701,15
WAR,0,90406,0
WAR,0,90004,1
WAR,0,90005,2
WAR,0,90006,3
WAR,0,90007,4
WAR,0,90009,5
WAR,0,90407,6
WAR,0,90408,7
WAR,0,90409,8
WAR,0,90410,9
WAR,0,90411,10
WAR,0,90412,11
WAR,0,90413,12
WAR,0,90414,13
WAR,0,90415,14
WAR,0,90416,15
WAR,0,90417,16
WAR,1,90417,1
WAR,1,90416,2
WAR,1,90415,3
WAR,1,90414,4
WAR,1,90413,5
WAR,1,90412,6
WAR,1,90411,7
WAR,1,90410,8
WAR,1,90409,9
WAR,1,90408,10
WAR,1,90407,11
WAR,1,90009,12
WAR,1,90007,13
WAR,1,90006,14
WAR,1,90005,15
WAR,1,90004,16
WAR,1,90406,17
WIL,0,90201,1
WIL,0,90202,2
WIL,0,90203,3
WIL,0,90204,4
WIL,0,90205,5
WIL,0,90206,6
WIL,0,90207,7
WIL,0,90208,8
WIL,0,90209,9
WIL,0,90210,10
WIL,0,90211,11
WIL,0,90212,12
WIL,0,90213,13
WIL,0,90214,14
WIL,0,90215,15
WIL,0,90216,16
WIL,0,90217,17
WIL,0,90406,18
WIL,0,90004,19
WIL,0,90005,20
WIL,0,90006,21
WIL,0,90007,22
WIL,1,90007,1
WIL,1,90006,2
WIL,1,90005,3
WIL,1,90004,4
WIL,1,90406,5
WIL,1,90217,6
WIL,1,90216,7
WIL,1,90215,8
WIL,1,90214,9
WIL,1,90213,10
WIL,1,90212,11
WIL,1,90211,12
WIL,1,90210,13
WIL,1,90209,14
WIL,1,90208,15
WIL,1,90207,16
WIL,1,90206,17
WIL,1,90205,18
WIL,1,90204,19
WIL,1,90203,20
WIL,1,90202,21
WIL,1,90201,22
WTR,0,90406,0
WTR,0,90004,1
WTR,0,90005,2
WTR,0,90006,3
WTR,0,90007,4
WTR,0,90407,5
WTR,0,90408,6
WTR,0,90409,7
WTR,0,90410,8
WTR,0,90315,9
WTR,0,90316,10
WTR,0,90317,11
WTR,0,90318,12
WTR,0,90319,13
WTR,0,90320,14
WTR,0,90321,15
WTR,0,90322,16
WTR,0,90323,17
WTR,0,90324,18
WTR,0,90325,19
WTR,0,90326,20
WTR,0,90327,21
WTR,1,90327,1
WTR,1,90326,2
WTR,1,90325,3
WTR,1,90324,4
WTR,1,90323,5
WTR,1,90322,6
WTR,1,90321,7
WTR,1,90320,8
WTR,1,90319,9
WTR,1,90318,10
WTR,1,90317,11
WTR,1,90316,12
WTR,1,90315,13
WTR,1,90410,14
WTR,1,90409,15
WTR,1,90408,16
WTR,1,90407,17
WTR,1,90007,18
WTR,1,90006,19
WTR,1,90005,20
WTR,1,90004,21
WTR,1,90406,22
