service_id,date,exception_type
1,20200808,1
1,20200809,1
1,20200815,1
1,20200816,1
1,20200822,1
1,20200823,1
1,20200829,1
1,20200830,1
1,20200905,1
1,20200906,1
1,20200907,1
1,20200912,1
1,20200913,1
1,20200919,1
1,20200920,1
1,20200926,1
1,20200927,1
1,20201003,1
1,20201004,1
1,20201010,1
1,20201011,1
1,20201017,1
1,20201018,1
1,20201024,1
1,20201025,1
1,20201031,1
1,20201101,1
1,20201107,1
1,20201108,1
1,20201114,1
1,20201115,1
1,20201121,1
1,20201122,1
1,20201126,1
1,20201128,1
1,20201129,1
1,20201205,1
1,20201206,1
1,20201212,1
1,20201213,1
1,20201219,1
1,20201220,1
1,20201225,1
1,20201226,1
1,20201227,1
1,20210101,1
1,20210102,1
1,20210103,1
1,20210109,1
1,20210110,1
1,20210116,1
1,20210117,1
1,20210118,1
1,20210123,1
1,20210124,1
1,20210130,1
1,20210131,1
2,20200810,1
2,20200811,1
2,20200812,1
2,20200813,1
2,20200814,1
2,20200817,1
2,20200818,1
2,20200819,1
2,20200820,1
2,20200821,1
2,20200824,1
2,20200825,1
2,20200826,1
2,20200827,1
2,20200828,1
2,20200831,1
2,20200901,1
2,20200902,1
2,20200903,1
2,20200904,1
2,20200908,1
2,20200909,1
2,20200910,1
2,20200911,1
2,20200914,1
2,20200915,1
2,20200916,1
2,20200917,1
2,20200918,1
2,20200921,1
2,20200922,1
2,20200923,1
2,20200924,1
2,20200925,1
2,20200928,1
2,20200929,1
2,20200930,1
2,20201001,1
2,20201002,1
2,20201005,1
2,20201006,1
2,20201007,1
2,20201008,1
2,20201009,1
2,20201012,1
2,20201013,1
2,20201014,1
2,20201015,1
2,20201016,1
2,20201019,1
2,20201020,1
2,20201021,1
2,20201022,1
2,20201023,1
2,20201026,1
2,20201027,1
2,20201028,1
2,20201029,1
2,20201030,1
2,20201102,1
2,20201103,1
2,20201104,1
2,20201105,1
2,20201106,1
2,20201109,1
2,20201110,1
2,20201111,1
2,20201112,1
2,20201113,1
2,20201116,1
2,20201117,1
2,20201118,1
2,20201119,1
2,20201120,1
2,20201123,1
2,20201124,1
2,20201125,1
2,20201127,1
2,20201130,1
2,20201201,1
2,20201202,1
2,20201203,1
2,20201204,1
2,20201207,1
2,20201208,1
2,20201209,1
2,20201210,1
2,20201211,1
2,20201214,1
2,20201215,1
2,20201216,1
2,20201217,1
2,20201218,1
2,20201221,1
2,20201222,1
2,20201223,1
2,20201224,1
2,20201228,1
2,20201229,1
2,20201230,1
2,20201231,1
2,20210104,1
2,20210105,1
2,20210106,1
2,20210107,1
2,20210108,1
2,20210111,1
2,20210112,1
2,20210113,1
2,20210114,1
2,20210115,1
2,20210119,1
2,20210120,1
2,20210121,1
2,20210122,1
2,20210125,1
2,20210126,1
2,20210127,1
2,20210128,1
2,20210129,1
2,20210201,1
2,20210202,1
2,20210203,1
3,20210118,1
4,20200810,1
4,20200811,1
4,20200812,1
4,20200813,1
4,20200814,1
4,20200817,1
4,20200818,1
4,20200819,1
4,20200820,1
4,20200821,1
4,20200824,1
4,20200825,1
4,20200826,1
4,20200827,1
4,20200828,1
4,20200831,1
4,20200901,1
4,20200902,1
4,20200903,1
4,20200904,1
4,20200908,1
4,20200909,1
4,20200910,1
4,20200911,1
4,20200914,1
4,20200915,1
4,20200916,1
4,20200917,1
4,20200918,1
4,20200921,1
4,20200922,1
4,20200923,1
4,20200924,1
4,20200925,1
4,20200928,1
4,20200929,1
4,20200930,1
4,20201001,1
4,20201002,1
4,20201005,1
4,20201006,1
4,20201007,1
4,20201008,1
4,20201009,1
4,20201012,1
4,20201013,1
4,20201014,1
4,20201015,1
4,20201016,1
4,20201019,1
4,20201020,1
4,20201021,1
4,20201022,1
4,20201023,1
4,20201026,1
4,20201029,1
4,20201030,1
4,20201102,1
4,20201103,1
4,20201104,1
4,20201105,1
4,20201106,1
4,20201109,1
4,20201110,1
4,20201111,1
4,20201112,1
4,20201113,1
4,20201116,1
4,20201117,1
4,20201118,1
4,20201119,1
4,20201120,1
4,20201123,1
4,20201124,1
4,20201125,1
4,20201127,1
4,20201130,1
4,20201201,1
4,20201202,1
4,20201203,1
4,20201204,1
4,20201207,1
4,20201208,1
4,20201209,1
4,20201210,1
4,20201211,1
4,20201214,1
4,20201215,1
4,20201216,1
4,20201217,1
4,20201218,1
4,20201221,1
4,20201222,1
4,20201223,1
4,20201224,1
4,20201228,1
4,20201229,1
4,20201230,1
4,20201231,1
4,20210104,1
4,20210105,1
4,20210106,1
4,20210107,1
4,20210108,1
4,20210111,1
4,20210112,1
4,20210113,1
4,20210114,1
4,20210115,1
4,20210119,1
4,20210120,1
4,20210121,1
4,20210122,1
4,20210125,1
4,20210126,1
4,20210127,1
4,20210128,1
4,20210129,1
4,20210201,1
4,20210202,1
4,20210203,1
5,20201028,1
6,20201231,1
7,20200808,1
7,20200809,1
7,20200815,1
7,20200816,1
7,20200822,1
7,20200823,1
7,20200829,1
7,20200830,1
7,20200905,1
7,20200906,1
7,20200907,1
7,20200912,1
7,20200913,1
7,20200919,1
7,20200920,1
7,20200926,1
7,20200927,1
7,20201003,1
7,20201004,1
7,20201010,1
7,20201011,1
7,20201017,1
7,20201018,1
7,20201024,1
7,20201025,1
7,20201031,1
7,20201101,1
7,20201107,1
7,20201108,1
7,20201114,1
7,20201115,1
7,20201121,1
7,20201122,1
7,20201126,1
7,20201128,1
7,20201129,1
7,20201205,1
7,20201206,1
7,20201212,1
7,20201213,1
7,20201219,1
7,20201220,1
7,20201225,1
7,20201226,1
7,20201227,1
7,20210101,1
7,20210102,1
7,20210103,1
7,20210109,1
7,20210110,1
7,20210116,1
7,20210117,1
7,20210123,1
7,20210124,1
7,20210130,1
7,20210131,1
8,20200810,1
8,20200811,1
8,20200812,1
8,20200813,1
8,20200814,1
8,20200817,1
8,20200818,1
8,20200819,1
8,20200820,1
8,20200821,1
8,20200824,1
8,20200825,1
8,20200826,1
8,20200827,1
8,20200828,1
8,20200831,1
8,20200901,1
8,20200902,1
8,20200903,1
8,20200904,1
8,20200908,1
8,20200909,1
8,20200910,1
8,20200911,1
8,20200914,1
8,20200915,1
8,20200916,1
8,20200917,1
8,20200918,1
8,20200921,1
8,20200922,1
8,20200923,1
8,20200924,1
8,20200925,1
8,20200928,1
8,20200929,1
8,20200930,1
8,20201001,1
8,20201002,1
8,20201005,1
8,20201006,1
8,20201007,1
8,20201008,1
8,20201009,1
8,20201012,1
8,20201013,1
8,20201014,1
8,20201015,1
8,20201016,1
8,20201019,1
8,20201020,1
8,20201021,1
8,20201022,1
8,20201023,1
8,20201026,1
8,20201029,1
8,20201030,1
8,20201102,1
8,20201103,1
8,20201104,1
8,20201105,1
8,20201106,1
8,20201109,1
8,20201110,1
8,20201111,1
8,20201112,1
8,20201113,1
8,20201116,1
8,20201117,1
8,20201118,1
8,20201119,1
8,20201120,1
8,20201123,1
8,20201124,1
8,20201125,1
8,20201127,1
8,20201130,1
8,20201201,1
8,20201202,1
8,20201203,1
8,20201204,1
8,20201207,1
8,20201208,1
8,20201209,1
8,20201210,1
8,20201211,1
8,20201214,1
8,20201215,1
8,20201216,1
8,20201217,1
8,20201218,1
8,20201221,1
8,20201222,1
8,20201223,1
8,20201224,1
8,20201228,1
8,20201229,1
8,20201230,1
8,20210104,1
8,20210105,1
8,20210106,1
8,20210107,1
8,20210108,1
8,20210111,1
8,20210112,1
8,20210113,1
8,20210114,1
8,20210115,1
8,20210119,1
8,20210120,1
8,20210121,1
8,20210122,1
8,20210125,1
8,20210126,1
8,20210127,1
8,20210128,1
8,20210129,1
8,20210201,1
8,20210202,1
8,20210203,1
9,20201027,1
10,20201027,1
10,20201028,1
11,20200808,1
11,20200815,1
11,20200822,1
11,20200829,1
11,20200905,1
11,20200912,1
11,20200919,1
11,20200926,1
11,20201003,1
11,20201010,1
11,20201017,1
11,20201024,1
11,20201031,1
11,20201107,1
11,20201114,1
11,20201121,1
11,20201128,1
11,20201205,1
11,20201212,1
11,20201219,1
11,20201226,1
11,20210102,1
11,20210109,1
11,20210116,1
11,20210123,1
11,20210130,1
12,20200809,1
12,20200816,1
12,20200823,1
12,20200830,1
12,20200906,1
12,20200913,1
12,20200920,1
12,20200927,1
12,20201004,1
12,20201011,1
12,20201018,1
12,20201025,1
12,20201101,1
12,20201108,1
12,20201115,1
12,20201122,1
12,20201129,1
12,20201206,1
12,20201213,1
12,20201220,1
12,20201227,1
12,20210103,1
12,20210110,1
12,20210117,1
12,20210124,1
12,20210131,1
13,20200810,1
13,20200811,1
13,20200812,1
13,20200813,1
13,20200814,1
13,20200817,1
13,20200818,1
13,20200819,1
13,20200820,1
13,20200821,1
13,20200824,1
13,20200825,1
13,20200826,1
13,20200827,1
13,20200828,1
13,20200831,1
13,20200901,1
13,20200902,1
13,20200903,1
13,20200904,1
13,20200907,1
13,20200908,1
13,20200909,1
13,20200910,1
13,20200911,1
13,20200914,1
13,20200915,1
13,20200916,1
13,20200917,1
13,20200918,1
13,20200921,1
13,20200922,1
13,20200923,1
13,20200924,1
13,20200925,1
13,20200928,1
13,20200929,1
13,20200930,1
13,20201001,1
13,20201002,1
13,20201005,1
13,20201006,1
13,20201007,1
13,20201008,1
13,20201009,1
13,20201012,1
13,20201013,1
13,20201014,1
13,20201015,1
13,20201016,1
13,20201019,1
13,20201020,1
13,20201021,1
13,20201022,1
13,20201023,1
13,20201026,1
13,20201027,1
13,20201028,1
13,20201029,1
13,20201030,1
13,20201102,1
13,20201103,1
13,20201104,1
13,20201105,1
13,20201106,1
13,20201109,1
13,20201110,1
13,20201111,1
13,20201112,1
13,20201113,1
13,20201116,1
13,20201117,1
13,20201118,1
13,20201119,1
13,20201120,1
13,20201123,1
13,20201124,1
13,20201125,1
13,20201126,1
13,20201127,1
13,20201130,1
13,20201201,1
13,20201202,1
13,20201203,1
13,20201204,1
13,20201207,1
13,20201208,1
13,20201209,1
13,20201210,1
13,20201211,1
13,20201214,1
13,20201215,1
13,20201216,1
13,20201217,1
13,20201218,1
13,20201221,1
13,20201222,1
13,20201223,1
13,20201224,1
13,20201225,1
13,20201228,1
13,20201229,1
13,20201230,1
13,20201231,1
13,20210101,1
13,20210104,1
13,20210105,1
13,20210106,1
13,20210107,1
13,20210108,1
13,20210111,1
13,20210112,1
13,20210113,1
13,20210114,1
13,20210115,1
13,20210118,1
13,20210119,1
13,20210120,1
13,20210121,1
13,20210122,1
13,20210125,1
13,20210126,1
13,20210127,1
13,20210128,1
13,20210129,1
13,20210201,1
13,20210202,1
13,20210203,1
14,20210101,1
15,20200808,1
15,20200809,1
15,20200815,1
15,20200816,1
15,20200822,1
15,20200823,1
15,20200829,1
15,20200830,1
15,20200905,1
15,20200906,1
15,20200907,1
15,20200912,1
15,20200913,1
15,20200919,1
15,20200920,1
15,20200926,1
15,20200927,1
15,20201003,1
15,20201004,1
15,20201010,1
15,20201011,1
15,20201017,1
15,20201018,1
15,20201024,1
15,20201025,1
15,20201031,1
15,20201101,1
15,20201107,1
15,20201108,1
15,20201114,1
15,20201115,1
15,20201121,1
15,20201122,1
15,20201126,1
15,20201128,1
15,20201129,1
15,20201205,1
15,20201206,1
15,20201212,1
15,20201213,1
15,20201219,1
15,20201220,1
15,20201225,1
15,20201226,1
15,20201227,1
15,20210102,1
15,20210103,1
15,20210109,1
15,20210110,1
15,20210116,1
15,20210117,1
15,20210118,1
15,20210123,1
15,20210124,1
15,20210130,1
15,20210131,1
16,20200808,1
16,20200814,1
16,20200815,1
16,20200821,1
16,20200822,1
16,20200828,1
16,20200829,1
16,20200904,1
16,20200905,1
16,20200906,1
16,20200911,1
16,20200912,1
16,20200918,1
16,20200919,1
16,20200925,1
16,20200926,1
16,20201002,1
16,20201003,1
16,20201009,1
16,20201010,1
16,20201016,1
16,20201017,1
16,20201023,1
16,20201024,1
16,20201030,1
16,20201031,1
16,20201106,1
16,20201107,1
16,20201113,1
16,20201114,1
16,20201120,1
16,20201121,1
16,20201125,1
16,20201127,1
16,20201128,1
16,20201204,1
16,20201205,1
16,20201211,1
16,20201212,1
16,20201218,1
16,20201219,1
16,20201224,1
16,20201225,1
16,20201226,1
16,20201231,1
16,20210101,1
16,20210102,1
16,20210108,1
16,20210109,1
16,20210115,1
16,20210116,1
16,20210117,1
16,20210122,1
16,20210123,1
16,20210129,1
16,20210130,1
17,20200809,1
17,20200810,1
17,20200811,1
17,20200812,1
17,20200813,1
17,20200816,1
17,20200817,1
17,20200818,1
17,20200819,1
17,20200820,1
17,20200823,1
17,20200824,1
17,20200825,1
17,20200826,1
17,20200827,1
17,20200830,1
17,20200831,1
17,20200901,1
17,20200902,1
17,20200903,1
17,20200907,1
17,20200908,1
17,20200909,1
17,20200910,1
17,20200913,1
17,20200914,1
17,20200915,1
17,20200916,1
17,20200917,1
17,20200920,1
17,20200921,1
17,20200922,1
17,20200923,1
17,20200924,1
17,20200927,1
17,20200928,1
17,20200929,1
17,20200930,1
17,20201001,1
17,20201004,1
17,20201005,1
17,20201006,1
17,20201007,1
17,20201008,1
17,20201011,1
17,20201012,1
17,20201013,1
17,20201014,1
17,20201015,1
17,20201018,1
17,20201019,1
17,20201020,1
17,20201021,1
17,20201022,1
17,20201025,1
17,20201026,1
17,20201029,1
17,20201101,1
17,20201102,1
17,20201103,1
17,20201104,1
17,20201105,1
17,20201108,1
17,20201109,1
17,20201110,1
17,20201111,1
17,20201112,1
17,20201115,1
17,20201116,1
17,20201117,1
17,20201118,1
17,20201119,1
17,20201122,1
17,20201123,1
17,20201124,1
17,20201126,1
17,20201129,1
17,20201130,1
17,20201201,1
17,20201202,1
17,20201203,1
17,20201206,1
17,20201207,1
17,20201208,1
17,20201209,1
17,20201210,1
17,20201213,1
17,20201214,1
17,20201215,1
17,20201216,1
17,20201217,1
17,20201220,1
17,20201221,1
17,20201222,1
17,20201223,1
17,20201227,1
17,20201228,1
17,20201229,1
17,20201230,1
17,20210103,1
17,20210104,1
17,20210105,1
17,20210106,1
17,20210107,1
17,20210110,1
17,20210111,1
17,20210112,1
17,20210113,1
17,20210114,1
17,20210118,1
17,20210119,1
17,20210120,1
17,20210121,1
17,20210124,1
17,20210125,1
17,20210126,1
17,20210127,1
17,20210128,1
17,20210131,1
17,20210201,1
17,20210202,1
17,20210203,1
18,20201126,1
19,20200907,1
19,20201225,1
19,20210101,1
19,20210118,1
20,20200904,1
20,20201125,1
20,20201224,1
21,20200808,1
21,20200814,1
21,20200815,1
21,20200821,1
21,20200822,1
21,20200828,1
21,20200829,1
21,20200904,1
21,20200905,1
21,20200906,1
21,20200911,1
21,20200912,1
21,20200918,1
21,20200919,1
21,20200925,1
21,20200926,1
21,20201002,1
21,20201003,1
21,20201009,1
21,20201010,1
21,20201016,1
21,20201017,1
21,20201023,1
21,20201024,1
21,20201030,1
21,20201031,1
21,20201106,1
21,20201107,1
21,20201113,1
21,20201114,1
21,20201120,1
21,20201121,1
21,20201125,1
21,20201127,1
21,20201128,1
21,20201204,1
21,20201205,1
21,20201211,1
21,20201212,1
21,20201218,1
21,20201219,1
21,20201224,1
21,20201225,1
21,20201226,1
21,20210101,1
21,20210102,1
21,20210108,1
21,20210109,1
21,20210115,1
21,20210116,1
21,20210117,1
21,20210122,1
21,20210123,1
21,20210129,1
21,20210130,1
22,20200810,1
22,20200811,1
22,20200812,1
22,20200813,1
22,20200814,1
22,20200817,1
22,20200818,1
22,20200819,1
22,20200820,1
22,20200821,1
22,20200824,1
22,20200825,1
22,20200826,1
22,20200827,1
22,20200828,1
22,20200831,1
22,20200901,1
22,20200902,1
22,20200903,1
22,20200908,1
22,20200909,1
22,20200910,1
22,20200911,1
22,20200914,1
22,20200915,1
22,20200916,1
22,20200917,1
22,20200918,1
22,20200921,1
22,20200922,1
22,20200923,1
22,20200924,1
22,20200925,1
22,20200928,1
22,20200929,1
22,20200930,1
22,20201001,1
22,20201002,1
22,20201005,1
22,20201006,1
22,20201007,1
22,20201008,1
22,20201009,1
22,20201012,1
22,20201013,1
22,20201014,1
22,20201015,1
22,20201016,1
22,20201019,1
22,20201020,1
22,20201021,1
22,20201022,1
22,20201023,1
22,20201026,1
22,20201029,1
22,20201030,1
22,20201102,1
22,20201103,1
22,20201104,1
22,20201105,1
22,20201106,1
22,20201109,1
22,20201110,1
22,20201111,1
22,20201112,1
22,20201113,1
22,20201116,1
22,20201117,1
22,20201118,1
22,20201119,1
22,20201120,1
22,20201123,1
22,20201124,1
22,20201127,1
22,20201130,1
22,20201201,1
22,20201202,1
22,20201203,1
22,20201204,1
22,20201207,1
22,20201208,1
22,20201209,1
22,20201210,1
22,20201211,1
22,20201214,1
22,20201215,1
22,20201216,1
22,20201217,1
22,20201218,1
22,20201221,1
22,20201222,1
22,20201223,1
22,20201228,1
22,20201229,1
22,20201230,1
22,20201231,1
22,20210104,1
22,20210105,1
22,20210106,1
22,20210107,1
22,20210108,1
22,20210111,1
22,20210112,1
22,20210113,1
22,20210114,1
22,20210115,1
22,20210119,1
22,20210120,1
22,20210121,1
22,20210122,1
22,20210125,1
22,20210126,1
22,20210127,1
22,20210128,1
22,20210129,1
22,20210201,1
22,20210202,1
22,20210203,1
23,20201127,1
23,20201228,1
23,20201229,1
23,20201230,1
23,20201231,1
24,20201126,1
24,20210118,1
25,20200810,1
25,20200811,1
25,20200812,1
25,20200813,1
25,20200814,1
25,20200817,1
25,20200818,1
25,20200819,1
25,20200820,1
25,20200821,1
25,20200824,1
25,20200825,1
25,20200826,1
25,20200827,1
25,20200828,1
25,20200831,1
25,20200901,1
25,20200902,1
25,20200903,1
25,20200904,1
25,20200908,1
25,20200909,1
25,20200910,1
25,20200911,1
25,20200914,1
25,20200915,1
25,20200916,1
25,20200917,1
25,20200918,1
25,20200921,1
25,20200922,1
25,20200923,1
25,20200924,1
25,20200925,1
25,20200928,1
25,20200929,1
25,20200930,1
25,20201001,1
25,20201002,1
25,20201005,1
25,20201006,1
25,20201007,1
25,20201008,1
25,20201009,1
25,20201012,1
25,20201013,1
25,20201014,1
25,20201015,1
25,20201016,1
25,20201019,1
25,20201020,1
25,20201021,1
25,20201022,1
25,20201023,1
25,20201026,1
25,20201029,1
25,20201030,1
25,20201102,1
25,20201103,1
25,20201104,1
25,20201105,1
25,20201106,1
25,20201109,1
25,20201110,1
25,20201111,1
25,20201112,1
25,20201113,1
25,20201116,1
25,20201117,1
25,20201118,1
25,20201119,1
25,20201120,1
25,20201123,1
25,20201124,1
25,20201125,1
25,20201130,1
25,20201201,1
25,20201202,1
25,20201203,1
25,20201204,1
25,20201207,1
25,20201208,1
25,20201209,1
25,20201210,1
25,20201211,1
25,20201214,1
25,20201215,1
25,20201216,1
25,20201217,1
25,20201218,1
25,20201221,1
25,20201222,1
25,20201223,1
25,20201224,1
25,20210104,1
25,20210105,1
25,20210106,1
25,20210107,1
25,20210108,1
25,20210111,1
25,20210112,1
25,20210113,1
25,20210114,1
25,20210115,1
25,20210119,1
25,20210120,1
25,20210121,1
25,20210122,1
25,20210125,1
25,20210126,1
25,20210127,1
25,20210128,1
25,20210129,1
25,20210201,1
25,20210202,1
25,20210203,1
26,20200810,1
26,20200811,1
26,20200812,1
26,20200813,1
26,20200814,1
26,20200817,1
26,20200818,1
26,20200819,1
26,20200820,1
26,20200821,1
26,20200824,1
26,20200825,1
26,20200826,1
26,20200827,1
26,20200828,1
26,20200831,1
26,20200901,1
26,20200902,1
26,20200903,1
26,20200904,1
26,20200908,1
26,20200909,1
26,20200910,1
26,20200911,1
26,20200914,1
26,20200915,1
26,20200916,1
26,20200917,1
26,20200918,1
26,20200921,1
26,20200922,1
26,20200923,1
26,20200924,1
26,20200925,1
26,20200928,1
26,20200929,1
26,20200930,1
26,20201001,1
26,20201002,1
26,20201005,1
26,20201006,1
26,20201007,1
26,20201008,1
26,20201009,1
26,20201012,1
26,20201013,1
26,20201014,1
26,20201015,1
26,20201016,1
26,20201019,1
26,20201020,1
26,20201021,1
26,20201022,1
26,20201023,1
26,20201026,1
26,20201029,1
26,20201030,1
26,20201102,1
26,20201103,1
26,20201104,1
26,20201105,1
26,20201106,1
26,20201109,1
26,20201110,1
26,20201111,1
26,20201112,1
26,20201113,1
26,20201116,1
26,20201117,1
26,20201118,1
26,20201119,1
26,20201120,1
26,20201123,1
26,20201124,1
26,20201125,1
26,20201127,1
26,20201201,1
26,20201202,1
26,20201203,1
26,20201204,1
26,20201207,1
26,20201208,1
26,20201209,1
26,20201210,1
26,20201211,1
26,20201214,1
26,20201215,1
26,20201216,1
26,20201217,1
26,20201218,1
26,20201221,1
26,20201222,1
26,20201223,1
26,20201224,1
26,20201228,1
26,20201229,1
26,20201230,1
26,20201231,1
26,20210104,1
26,20210105,1
26,20210106,1
26,20210107,1
26,20210108,1
26,20210111,1
26,20210112,1
26,20210113,1
26,20210114,1
26,20210115,1
26,20210119,1
26,20210120,1
26,20210121,1
26,20210122,1
26,20210125,1
26,20210126,1
26,20210127,1
26,20210128,1
26,20210129,1
26,20210201,1
26,20210202,1
26,20210203,1
27,20200808,1
27,20200809,1
27,20200815,1
27,20200816,1
27,20200822,1
27,20200823,1
27,20200829,1
27,20200830,1
27,20200905,1
27,20200906,1
27,20200907,1
27,20200912,1
27,20200913,1
27,20200919,1
27,20200920,1
27,20200926,1
27,20200927,1
27,20201003,1
27,20201004,1
27,20201010,1
27,20201011,1
27,20201017,1
27,20201018,1
27,20201024,1
27,20201025,1
27,20201031,1
28,20200808,1
28,20200809,1
28,20200815,1
28,20200816,1
28,20200822,1
28,20200823,1
28,20200829,1
28,20200830,1
28,20200905,1
28,20200906,1
28,20200907,1
28,20200912,1
28,20200913,1
28,20200919,1
28,20200920,1
28,20200926,1
28,20200927,1
28,20201003,1
28,20201004,1
28,20201010,1
28,20201011,1
28,20201017,1
28,20201018,1
28,20201024,1
28,20201025,1
28,20201031,1
28,20201101,1
28,20201107,1
28,20201108,1
28,20201114,1
28,20201115,1
28,20201121,1
28,20201122,1
28,20201128,1
28,20201129,1
28,20201205,1
28,20201206,1
28,20201212,1
28,20201213,1
28,20201219,1
28,20201220,1
28,20201225,1
28,20201226,1
28,20201227,1
28,20210101,1
28,20210102,1
28,20210103,1
28,20210109,1
28,20210110,1
28,20210116,1
28,20210117,1
28,20210118,1
28,20210123,1
28,20210124,1
28,20210130,1
28,20210131,1
29,20200814,1
29,20200821,1
29,20200828,1
29,20200904,1
29,20200911,1
29,20200918,1
29,20200925,1
29,20201002,1
29,20201009,1
29,20201016,1
29,20201023,1
29,20201030,1
29,20201106,1
29,20201113,1
29,20201120,1
29,20201125,1
29,20201127,1
29,20201204,1
29,20201211,1
29,20201218,1
29,20201224,1
29,20201231,1
29,20210108,1
29,20210115,1
29,20210122,1
29,20210129,1
30,20200810,1
30,20200811,1
30,20200812,1
30,20200813,1
30,20200817,1
30,20200818,1
30,20200819,1
30,20200820,1
30,20200824,1
30,20200825,1
30,20200826,1
30,20200827,1
30,20200831,1
30,20200901,1
30,20200902,1
30,20200903,1
30,20200908,1
30,20200909,1
30,20200910,1
30,20200914,1
30,20200915,1
30,20200916,1
30,20200917,1
30,20200921,1
30,20200922,1
30,20200923,1
30,20200924,1
30,20200928,1
30,20200929,1
30,20200930,1
30,20201001,1
30,20201005,1
30,20201006,1
30,20201007,1
30,20201008,1
30,20201012,1
30,20201013,1
30,20201014,1
30,20201015,1
30,20201019,1
30,20201020,1
30,20201021,1
30,20201022,1
30,20201026,1
30,20201029,1
30,20201102,1
30,20201103,1
30,20201104,1
30,20201105,1
30,20201109,1
30,20201110,1
30,20201111,1
30,20201112,1
30,20201116,1
30,20201117,1
30,20201118,1
30,20201119,1
30,20201123,1
30,20201124,1
30,20201130,1
30,20201201,1
30,20201202,1
30,20201203,1
30,20201207,1
30,20201208,1
30,20201209,1
30,20201210,1
30,20201214,1
30,20201215,1
30,20201216,1
30,20201217,1
30,20201221,1
30,20201222,1
30,20201223,1
30,20201228,1
30,20201229,1
30,20201230,1
30,20210104,1
30,20210105,1
30,20210106,1
30,20210107,1
30,20210111,1
30,20210112,1
30,20210113,1
30,20210114,1
30,20210118,1
30,20210119,1
30,20210120,1
30,20210121,1
30,20210125,1
30,20210126,1
30,20210127,1
30,20210128,1
30,20210201,1
30,20210202,1
30,20210203,1
31,20201230,1
32,20201125,1
32,20201224,1
33,20201003,1
33,20201004,1
33,20201010,1
33,20201011,1
33,20201017,1
33,20201018,1
33,20201024,1
33,20201025,1
33,20201031,1
33,20201101,1
33,20201107,1
33,20201108,1
33,20201114,1
33,20201115,1
33,20201121,1
33,20201122,1
33,20201126,1
33,20201128,1
33,20201129,1
33,20201205,1
33,20201206,1
33,20201212,1
33,20201213,1
33,20201219,1
33,20201220,1
33,20201225,1
33,20201226,1
33,20201227,1
33,20210101,1
33,20210102,1
33,20210103,1
33,20210109,1
33,20210110,1
33,20210116,1
33,20210117,1
33,20210118,1
33,20210123,1
33,20210124,1
33,20210130,1
33,20210131,1
34,20200904,1
35,20200808,1
35,20200809,1
35,20200815,1
35,20200816,1
35,20200822,1
35,20200823,1
35,20200829,1
35,20200830,1
35,20200905,1
35,20200906,1
35,20200907,1
35,20200912,1
35,20200913,1
35,20200919,1
35,20200920,1
35,20200926,1
35,20200927,1
36,20200814,1
36,20200821,1
36,20200828,1
37,20200814,1
37,20200821,1
37,20200828,1
37,20200904,1
38,20200810,1
38,20200811,1
38,20200812,1
38,20200813,1
38,20200817,1
38,20200818,1
38,20200819,1
38,20200820,1
38,20200824,1
38,20200825,1
38,20200826,1
38,20200827,1
38,20200831,1
38,20200901,1
38,20200902,1
38,20200903,1
38,20200908,1
38,20200909,1
38,20200910,1
38,20200911,1
38,20200914,1
38,20200915,1
38,20200916,1
38,20200917,1
38,20200918,1
38,20200921,1
38,20200922,1
38,20200923,1
38,20200924,1
38,20200925,1
38,20200928,1
38,20200929,1
38,20200930,1
38,20201001,1
38,20201002,1
38,20201005,1
38,20201006,1
38,20201007,1
38,20201008,1
38,20201009,1
38,20201012,1
38,20201013,1
38,20201014,1
38,20201015,1
38,20201016,1
38,20201019,1
38,20201020,1
38,20201021,1
38,20201022,1
38,20201023,1
38,20201026,1
38,20201029,1
38,20201030,1
38,20201102,1
38,20201103,1
38,20201104,1
38,20201105,1
38,20201106,1
38,20201109,1
38,20201110,1
38,20201111,1
38,20201112,1
38,20201113,1
38,20201116,1
38,20201117,1
38,20201118,1
38,20201119,1
38,20201120,1
38,20201123,1
38,20201124,1
38,20201127,1
38,20201130,1
38,20201201,1
38,20201202,1
38,20201203,1
38,20201204,1
38,20201207,1
38,20201208,1
38,20201209,1
38,20201210,1
38,20201211,1
38,20201214,1
38,20201215,1
38,20201216,1
38,20201217,1
38,20201218,1
38,20201221,1
38,20201222,1
38,20201223,1
38,20201228,1
38,20201229,1
38,20201230,1
38,20201231,1
38,20210104,1
38,20210105,1
38,20210106,1
38,20210107,1
38,20210108,1
38,20210111,1
38,20210112,1
38,20210113,1
38,20210114,1
38,20210115,1
38,20210119,1
38,20210120,1
38,20210121,1
38,20210122,1
38,20210125,1
38,20210126,1
38,20210127,1
38,20210128,1
38,20210129,1
38,20210201,1
38,20210202,1
38,20210203,1
39,20200810,1
39,20200811,1
39,20200812,1
39,20200813,1
39,20200817,1
39,20200818,1
39,20200819,1
39,20200820,1
39,20200824,1
39,20200825,1
39,20200826,1
39,20200827,1
39,20200831,1
39,20200901,1
39,20200902,1
39,20200903,1
39,20200908,1
39,20200909,1
39,20200910,1
39,20200911,1
39,20200914,1
39,20200915,1
39,20200916,1
39,20200917,1
39,20200918,1
39,20200921,1
39,20200922,1
39,20200923,1
39,20200924,1
39,20200925,1
39,20200928,1
39,20200929,1
39,20200930,1
39,20201001,1
39,20201002,1
39,20201005,1
39,20201006,1
39,20201007,1
39,20201008,1
39,20201009,1
39,20201012,1
39,20201013,1
39,20201014,1
39,20201015,1
39,20201016,1
39,20201019,1
39,20201020,1
39,20201021,1
39,20201022,1
39,20201023,1
39,20201026,1
39,20201029,1
39,20201030,1
39,20201102,1
39,20201103,1
39,20201104,1
39,20201105,1
39,20201106,1
39,20201109,1
39,20201110,1
39,20201111,1
39,20201112,1
39,20201113,1
39,20201116,1
39,20201117,1
39,20201118,1
39,20201119,1
39,20201120,1
39,20201123,1
39,20201124,1
39,20201125,1
39,20201127,1
39,20201130,1
39,20201201,1
39,20201202,1
39,20201203,1
39,20201204,1
39,20201207,1
39,20201208,1
39,20201209,1
39,20201210,1
39,20201211,1
39,20201214,1
39,20201215,1
39,20201216,1
39,20201217,1
39,20201218,1
39,20201221,1
39,20201222,1
39,20201223,1
39,20201224,1
39,20201228,1
39,20201229,1
39,20201230,1
39,20201231,1
39,20210104,1
39,20210105,1
39,20210106,1
39,20210107,1
39,20210108,1
39,20210111,1
39,20210112,1
39,20210113,1
39,20210114,1
39,20210115,1
39,20210119,1
39,20210120,1
39,20210121,1
39,20210122,1
39,20210125,1
39,20210126,1
39,20210127,1
39,20210128,1
39,20210129,1
39,20210201,1
39,20210202,1
39,20210203,1
40,20200810,1
40,20200811,1
40,20200812,1
40,20200813,1
40,20200817,1
40,20200818,1
40,20200819,1
40,20200820,1
40,20200824,1
40,20200825,1
40,20200826,1
40,20200827,1
40,20200831,1
40,20200901,1
40,20200902,1
40,20200903,1
40,20200904,1
40,20200908,1
40,20200909,1
40,20200910,1
40,20200911,1
40,20200914,1
40,20200915,1
40,20200916,1
40,20200917,1
40,20200918,1
40,20200921,1
40,20200922,1
40,20200923,1
40,20200924,1
40,20200925,1
40,20200928,1
40,20200929,1
40,20200930,1
40,20201001,1
40,20201002,1
40,20201005,1
40,20201006,1
40,20201007,1
40,20201008,1
40,20201009,1
40,20201012,1
40,20201013,1
40,20201014,1
40,20201015,1
40,20201016,1
40,20201019,1
40,20201020,1
40,20201021,1
40,20201022,1
40,20201023,1
40,20201026,1
40,20201029,1
40,20201030,1
40,20201102,1
40,20201103,1
40,20201104,1
40,20201105,1
40,20201106,1
40,20201109,1
40,20201110,1
40,20201111,1
40,20201112,1
40,20201113,1
40,20201116,1
40,20201117,1
40,20201118,1
40,20201119,1
40,20201120,1
40,20201123,1
40,20201124,1
40,20201125,1
40,20201127,1
40,20201130,1
40,20201201,1
40,20201202,1
40,20201203,1
40,20201204,1
40,20201207,1
40,20201208,1
40,20201209,1
40,20201210,1
40,20201211,1
40,20201214,1
40,20201215,1
40,20201216,1
40,20201217,1
40,20201218,1
40,20201221,1
40,20201222,1
40,20201223,1
40,20201224,1
40,20201228,1
40,20201229,1
40,20201230,1
40,20201231,1
40,20210104,1
40,20210105,1
40,20210106,1
40,20210107,1
40,20210108,1
40,20210111,1
40,20210112,1
40,20210113,1
40,20210114,1
40,20210115,1
40,20210119,1
40,20210120,1
40,20210121,1
40,20210122,1
40,20210125,1
40,20210126,1
40,20210127,1
40,20210128,1
40,20210129,1
40,20210201,1
40,20210202,1
40,20210203,1
41,20200810,1
41,20200811,1
41,20200812,1
41,20200813,1
41,20200814,1
41,20200817,1
41,20200818,1
41,20200819,1
41,20200820,1
41,20200821,1
41,20200824,1
41,20200825,1
41,20200826,1
41,20200827,1
41,20200828,1
41,20200831,1
41,20200901,1
41,20200902,1
41,20200903,1
41,20200908,1
41,20200909,1
41,20200910,1
41,20200911,1
41,20200914,1
41,20200915,1
41,20200916,1
41,20200917,1
41,20200918,1
41,20200921,1
41,20200922,1
41,20200923,1
41,20200924,1
41,20200925,1
41,20200928,1
41,20200929,1
41,20200930,1
41,20201001,1
41,20201002,1
41,20201005,1
41,20201006,1
41,20201007,1
41,20201008,1
41,20201009,1
41,20201012,1
41,20201013,1
41,20201014,1
41,20201015,1
41,20201016,1
41,20201019,1
41,20201020,1
41,20201021,1
41,20201022,1
41,20201023,1
41,20201026,1
41,20201029,1
41,20201030,1
41,20201102,1
41,20201103,1
41,20201104,1
41,20201105,1
41,20201106,1
41,20201109,1
41,20201110,1
41,20201111,1
41,20201112,1
41,20201113,1
41,20201116,1
41,20201117,1
41,20201118,1
41,20201119,1
41,20201120,1
41,20201123,1
41,20201124,1
41,20201125,1
41,20201127,1
41,20201130,1
41,20201201,1
41,20201202,1
41,20201203,1
41,20201204,1
41,20201207,1
41,20201208,1
41,20201209,1
41,20201210,1
41,20201211,1
41,20201214,1
41,20201215,1
41,20201216,1
41,20201217,1
41,20201218,1
41,20201221,1
41,20201222,1
41,20201223,1
41,20201224,1
41,20201228,1
41,20201229,1
41,20201230,1
41,20201231,1
41,20210104,1
41,20210105,1
41,20210106,1
41,20210107,1
41,20210108,1
41,20210111,1
41,20210112,1
41,20210113,1
41,20210114,1
41,20210115,1
41,20210119,1
41,20210120,1
41,20210121,1
41,20210122,1
41,20210125,1
41,20210126,1
41,20210127,1
41,20210128,1
41,20210129,1
41,20210201,1
41,20210202,1
41,20210203,1
42,20200808,1
42,20200809,1
42,20200814,1
42,20200815,1
42,20200816,1
42,20200821,1
42,20200822,1
42,20200823,1
42,20200828,1
42,20200829,1
42,20200830,1
42,20200904,1
42,20200905,1
42,20200906,1
42,20200907,1
42,20200911,1
42,20200912,1
42,20200913,1
42,20200918,1
42,20200919,1
42,20200920,1
42,20200925,1
42,20200926,1
42,20200927,1
42,20201002,1
42,20201003,1
42,20201004,1
42,20201009,1
42,20201010,1
42,20201011,1
42,20201016,1
42,20201017,1
42,20201018,1
42,20201023,1
42,20201024,1
42,20201025,1
42,20201030,1
42,20201031,1
42,20201101,1
42,20201106,1
42,20201107,1
42,20201108,1
42,20201113,1
42,20201114,1
42,20201115,1
42,20201120,1
42,20201121,1
42,20201122,1
42,20201125,1
42,20201126,1
42,20201127,1
42,20201128,1
42,20201129,1
42,20201204,1
42,20201205,1
42,20201206,1
42,20201211,1
42,20201212,1
42,20201213,1
42,20201218,1
42,20201219,1
42,20201220,1
42,20201224,1
42,20201225,1
42,20201226,1
42,20201227,1
42,20210101,1
42,20210102,1
42,20210103,1
42,20210108,1
42,20210109,1
42,20210110,1
42,20210115,1
42,20210116,1
42,20210117,1
42,20210118,1
42,20210122,1
42,20210123,1
42,20210124,1
42,20210129,1
42,20210130,1
42,20210131,1
43,20200814,1
43,20200821,1
43,20200828,1
43,20200904,1
43,20200911,1
43,20200918,1
43,20200925,1
43,20201002,1
43,20201009,1
43,20201016,1
43,20201023,1
43,20201030,1
43,20201106,1
43,20201113,1
43,20201120,1
43,20201125,1
43,20201127,1
43,20201204,1
43,20201211,1
43,20201218,1
43,20201224,1
43,20201225,1
43,20210101,1
43,20210108,1
43,20210115,1
43,20210122,1
43,20210129,1
44,20200808,1
44,20200815,1
44,20200822,1
44,20200829,1
44,20200905,1
44,20200906,1
44,20200912,1
44,20200919,1
44,20200926,1
44,20201003,1
44,20201010,1
44,20201017,1
44,20201024,1
44,20201031,1
44,20201107,1
44,20201114,1
44,20201121,1
44,20201128,1
44,20201205,1
44,20201212,1
44,20201219,1
44,20201226,1
44,20210102,1
44,20210109,1
44,20210116,1
44,20210117,1
44,20210123,1
44,20210130,1
45,20200810,1
45,20200811,1
45,20200812,1
45,20200813,1
45,20200817,1
45,20200818,1
45,20200819,1
45,20200820,1
45,20200824,1
45,20200825,1
45,20200826,1
45,20200827,1
45,20200831,1
45,20200901,1
45,20200902,1
45,20200903,1
45,20200908,1
45,20200909,1
45,20200910,1
45,20200914,1
45,20200915,1
45,20200916,1
45,20200917,1
45,20200921,1
45,20200922,1
45,20200923,1
45,20200924,1
45,20200928,1
45,20200929,1
45,20200930,1
45,20201001,1
45,20201005,1
45,20201006,1
45,20201007,1
45,20201008,1
45,20201012,1
45,20201013,1
45,20201014,1
45,20201015,1
45,20201019,1
45,20201020,1
45,20201021,1
45,20201022,1
45,20201026,1
45,20201029,1
45,20201102,1
45,20201103,1
45,20201104,1
45,20201105,1
45,20201109,1
45,20201110,1
45,20201111,1
45,20201112,1
45,20201116,1
45,20201117,1
45,20201118,1
45,20201119,1
45,20201123,1
45,20201124,1
45,20201130,1
45,20201201,1
45,20201202,1
45,20201203,1
45,20201207,1
45,20201208,1
45,20201209,1
45,20201210,1
45,20201214,1
45,20201215,1
45,20201216,1
45,20201217,1
45,20201221,1
45,20201222,1
45,20201223,1
45,20201228,1
45,20201229,1
45,20201230,1
45,20210104,1
45,20210105,1
45,20210106,1
45,20210107,1
45,20210111,1
45,20210112,1
45,20210113,1
45,20210114,1
45,20210119,1
45,20210120,1
45,20210121,1
45,20210125,1
45,20210126,1
45,20210127,1
45,20210128,1
45,20210201,1
45,20210202,1
45,20210203,1
46,20200809,1
46,20200816,1
46,20200823,1
46,20200830,1
46,20200907,1
46,20200913,1
46,20200920,1
46,20200927,1
46,20201004,1
46,20201011,1
46,20201018,1
46,20201025,1
46,20201101,1
46,20201108,1
46,20201115,1
46,20201122,1
46,20201126,1
46,20201129,1
46,20201206,1
46,20201213,1
46,20201220,1
46,20201227,1
46,20210103,1
46,20210110,1
46,20210118,1
46,20210124,1
46,20210131,1
