service_id,date,exception_type
1,20150926,1
2,20150927,1
3,20151009,1
3,20151010,1
3,20151016,1
3,20151017,1
3,20151023,1
3,20151024,1
3,20151030,1
3,20151031,1
3,20151106,1
3,20151107,1
3,20151113,1
3,20151114,1
3,20151120,1
4,20151004,1
4,20151010,1
4,20151011,1
4,20151017,1
4,20151018,1
4,20151024,1
4,20151025,1
4,20151031,1
4,20151101,1
4,20151107,1
4,20151108,1
4,20151114,1
4,20151115,1
4,20151121,1
5,20151004,1
5,20151005,1
5,20151006,1
5,20151007,1
5,20151008,1
5,20151011,1
5,20151012,1
5,20151013,1
5,20151014,1
5,20151015,1
5,20151018,1
5,20151019,1
5,20151020,1
5,20151021,1
5,20151022,1
5,20151025,1
5,20151026,1
5,20151027,1
5,20151028,1
5,20151029,1
5,20151101,1
5,20151102,1
5,20151103,1
5,20151104,1
5,20151105,1
5,20151108,1
5,20151109,1
5,20151110,1
5,20151111,1
5,20151112,1
5,20151115,1
5,20151116,1
5,20151117,1
5,20151118,1
5,20151119,1
6,20151005,1
6,20151006,1
6,20151007,1
6,20151008,1
6,20151009,1
6,20151012,1
6,20151013,1
6,20151014,1
6,20151015,1
6,20151016,1
6,20151019,1
6,20151020,1
6,20151021,1
6,20151022,1
6,20151023,1
6,20151026,1
6,20151027,1
6,20151028,1
6,20151029,1
6,20151030,1
6,20151102,1
6,20151103,1
6,20151104,1
6,20151105,1
6,20151106,1
6,20151109,1
6,20151110,1
6,20151111,1
6,20151112,1
6,20151113,1
6,20151116,1
6,20151117,1
6,20151118,1
6,20151119,1
6,20151120,1
7,20150918,1
7,20150919,1
7,20151002,1
8,20150919,1
8,20150920,1
8,20151003,1
9,20150920,1
9,20150921,1
9,20150922,1
9,20150923,1
9,20150924,1
9,20150928,1
9,20150929,1
9,20150930,1
9,20151001,1
10,20150918,1
10,20150921,1
10,20150922,1
10,20150923,1
10,20150924,1
10,20150925,1
10,20150928,1
10,20150929,1
10,20150930,1
10,20151001,1
10,20151002,1
11,20151108,1
12,20150918,1
12,20150921,1
12,20150922,1
12,20150923,1
12,20150924,1
12,20150925,1
12,20150928,1
12,20150929,1
12,20150930,1
12,20151001,1
12,20151002,1
12,20151005,1
12,20151006,1
12,20151007,1
12,20151008,1
12,20151009,1
12,20151012,1
12,20151013,1
12,20151014,1
12,20151015,1
12,20151016,1
12,20151019,1
12,20151020,1
12,20151021,1
12,20151022,1
12,20151023,1
12,20151026,1
12,20151027,1
12,20151028,1
12,20151029,1
12,20151030,1
12,20151102,1
12,20151103,1
12,20151104,1
12,20151105,1
12,20151106,1
12,20151109,1
12,20151110,1
12,20151111,1
12,20151112,1
12,20151113,1
12,20151116,1
12,20151117,1
12,20151118,1
12,20151119,1
12,20151120,1
13,20150919,1
13,20150920,1
13,20150926,1
13,20150927,1
13,20151003,1
13,20151004,1
13,20151010,1
13,20151011,1
13,20151017,1
13,20151018,1
13,20151024,1
13,20151025,1
13,20151031,1
13,20151101,1
13,20151107,1
13,20151108,1
13,20151114,1
13,20151115,1
14,20150919,1
14,20150920,1
14,20150926,1
14,20150927,1
14,20151003,1
14,20151004,1
14,20151010,1
14,20151011,1
14,20151017,1
14,20151018,1
14,20151024,1
14,20151025,1
14,20151031,1
14,20151101,1
14,20151107,1
14,20151108,1
14,20151114,1
14,20151115,1
14,20151121,1
15,20150919,1
15,20150926,1
15,20151003,1
15,20151010,1
15,20151017,1
15,20151024,1
15,20151031,1
15,20151107,1
15,20151114,1
15,20151121,1
15,20151128,1
15,20151205,1
15,20151212,1
15,20151219,1
15,20151226,1
15,20160102,1
15,20160109,1
15,20160116,1
15,20160123,1
15,20160130,1
15,20160206,1
15,20160213,1
15,20160220,1
15,20160227,1
15,20160305,1
15,20160312,1
16,20150920,1
16,20150927,1
16,20151004,1
16,20151011,1
16,20151018,1
16,20151025,1
16,20151101,1
16,20151108,1
16,20151115,1
16,20151122,1
16,20151129,1
16,20151206,1
16,20151213,1
16,20151220,1
16,20151227,1
16,20160103,1
16,20160110,1
16,20160117,1
16,20160124,1
16,20160131,1
16,20160207,1
16,20160214,1
16,20160221,1
16,20160228,1
16,20160306,1
16,20160313,1
17,20150918,1
17,20150921,1
17,20150922,1
17,20150923,1
17,20150924,1
17,20150925,1
17,20150928,1
17,20150929,1
17,20150930,1
17,20151001,1
17,20151002,1
17,20151005,1
17,20151006,1
17,20151007,1
17,20151008,1
17,20151009,1
17,20151012,1
17,20151013,1
17,20151014,1
17,20151015,1
17,20151016,1
17,20151019,1
17,20151020,1
17,20151021,1
17,20151022,1
17,20151023,1
17,20151026,1
17,20151027,1
17,20151028,1
17,20151029,1
17,20151030,1
17,20151102,1
17,20151103,1
17,20151104,1
17,20151105,1
17,20151106,1
17,20151109,1
17,20151110,1
17,20151111,1
17,20151112,1
17,20151113,1
17,20151116,1
17,20151117,1
17,20151118,1
17,20151119,1
17,20151120,1
17,20151123,1
17,20151124,1
17,20151125,1
17,20151126,1
17,20151127,1
17,20151130,1
17,20151201,1
17,20151202,1
17,20151203,1
17,20151204,1
17,20151207,1
17,20151208,1
17,20151209,1
17,20151210,1
17,20151211,1
17,20151214,1
17,20151215,1
17,20151216,1
17,20151217,1
17,20151218,1
17,20151221,1
17,20151222,1
17,20151223,1
17,20151224,1
17,20151225,1
17,20151228,1
17,20151229,1
17,20151230,1
17,20151231,1
17,20160101,1
17,20160104,1
17,20160105,1
17,20160106,1
17,20160107,1
17,20160108,1
17,20160111,1
17,20160112,1
17,20160113,1
17,20160114,1
17,20160115,1
17,20160118,1
17,20160119,1
17,20160120,1
17,20160121,1
17,20160122,1
17,20160125,1
17,20160126,1
17,20160127,1
17,20160128,1
17,20160129,1
17,20160201,1
17,20160202,1
17,20160203,1
17,20160204,1
17,20160205,1
17,20160208,1
17,20160209,1
17,20160210,1
17,20160211,1
17,20160212,1
17,20160215,1
17,20160216,1
17,20160217,1
17,20160218,1
17,20160219,1
17,20160222,1
17,20160223,1
17,20160224,1
17,20160225,1
17,20160226,1
17,20160229,1
17,20160301,1
17,20160302,1
17,20160303,1
17,20160304,1
17,20160307,1
17,20160308,1
17,20160309,1
17,20160310,1
17,20160311,1
17,20160314,1
17,20160315,1
18,20150918,1
18,20150919,1
18,20150925,1
18,20150926,1
18,20151002,1
18,20151003,1
18,20151009,1
18,20151010,1
18,20151016,1
18,20151017,1
18,20151023,1
18,20151024,1
18,20151030,1
18,20151031,1
18,20151106,1
18,20151107,1
18,20151113,1
18,20151114,1
18,20151120,1
19,20150919,1
19,20150926,1
19,20151003,1
19,20151010,1
19,20151017,1
19,20151024,1
19,20151031,1
19,20151107,1
19,20151114,1
19,20151121,1
20,20150920,1
20,20150927,1
20,20151004,1
20,20151011,1
20,20151018,1
20,20151025,1
20,20151101,1
20,20151108,1
20,20151115,1
21,20150920,1
21,20150921,1
21,20150922,1
21,20150923,1
21,20150924,1
21,20150927,1
21,20150928,1
21,20150929,1
21,20150930,1
21,20151001,1
21,20151004,1
21,20151005,1
21,20151006,1
21,20151007,1
21,20151008,1
21,20151011,1
21,20151012,1
21,20151013,1
21,20151014,1
21,20151015,1
21,20151018,1
21,20151019,1
21,20151020,1
21,20151021,1
21,20151022,1
21,20151025,1
21,20151026,1
21,20151027,1
21,20151028,1
21,20151029,1
21,20151101,1
21,20151102,1
21,20151103,1
21,20151104,1
21,20151105,1
21,20151108,1
21,20151109,1
21,20151110,1
21,20151111,1
21,20151112,1
21,20151115,1
21,20151116,1
21,20151117,1
21,20151118,1
21,20151119,1
22,20150919,1
22,20150926,1
22,20151003,1
22,20151010,1
22,20151017,1
22,20151024,1
22,20151031,1
22,20151107,1
22,20151114,1
23,20151115,1
24,20151115,1
24,20151121,1
25,20150919,1
25,20150920,1
25,20150926,1
25,20150927,1
25,20151003,1
25,20151004,1
25,20151010,1
25,20151011,1
25,20151017,1
25,20151018,1
25,20151024,1
25,20151025,1
25,20151031,1
25,20151101,1
25,20151107,1
25,20151108,1
25,20151114,1
26,20150918,1
26,20150925,1
26,20151002,1
26,20151009,1
26,20151016,1
26,20151023,1
26,20151030,1
26,20151106,1
26,20151113,1
26,20151120,1
27,20150921,1
27,20150922,1
27,20150923,1
27,20150924,1
27,20150928,1
27,20150929,1
27,20150930,1
27,20151001,1
27,20151005,1
27,20151006,1
27,20151007,1
27,20151008,1
27,20151012,1
27,20151013,1
27,20151014,1
27,20151015,1
27,20151019,1
27,20151020,1
27,20151021,1
27,20151022,1
27,20151026,1
27,20151027,1
27,20151028,1
27,20151029,1
27,20151102,1
27,20151103,1
27,20151104,1
27,20151105,1
27,20151109,1
27,20151110,1
27,20151111,1
27,20151112,1
27,20151116,1
27,20151117,1
27,20151118,1
27,20151119,1
28,20150920,1
28,20150927,1
29,20150918,1
29,20150922,1
29,20150923,1
29,20150924,1
29,20150925,1
29,20150929,1
29,20150930,1
29,20151001,1
29,20151002,1
29,20151006,1
29,20151007,1
29,20151008,1
29,20151009,1
29,20151013,1
29,20151014,1
29,20151015,1
29,20151016,1
29,20151020,1
29,20151021,1
29,20151022,1
29,20151023,1
29,20151027,1
29,20151028,1
29,20151029,1
29,20151030,1
29,20151103,1
29,20151104,1
29,20151105,1
29,20151106,1
29,20151110,1
29,20151111,1
29,20151112,1
29,20151113,1
29,20151117,1
29,20151118,1
29,20151119,1
29,20151120,1
30,20150921,1
30,20150928,1
30,20151005,1
30,20151012,1
30,20151019,1
30,20151026,1
30,20151102,1
30,20151109,1
30,20151116,1
31,20151003,1
31,20151004,1
31,20151010,1
31,20151011,1
31,20151017,1
31,20151018,1
31,20151024,1
31,20151025,1
31,20151031,1
31,20151101,1
31,20151107,1
31,20151108,1
31,20151114,1
31,20151115,1
31,20151121,1
32,20150919,1
32,20150920,1
32,20150926,1
32,20150927,1
33,20150918,1
33,20150922,1
33,20150925,1
33,20151002,1
33,20151009,1
33,20151016,1
33,20151023,1
33,20151030,1
33,20151106,1
33,20151113,1
33,20151120,1
34,20150921,1
34,20150923,1
34,20150924,1
34,20150928,1
34,20150929,1
34,20150930,1
34,20151001,1
34,20151005,1
34,20151006,1
34,20151007,1
34,20151008,1
34,20151012,1
34,20151013,1
34,20151014,1
34,20151015,1
34,20151019,1
34,20151020,1
34,20151021,1
34,20151022,1
34,20151026,1
34,20151027,1
34,20151028,1
34,20151029,1
34,20151102,1
34,20151103,1
34,20151104,1
34,20151105,1
34,20151109,1
34,20151110,1
34,20151111,1
34,20151112,1
34,20151116,1
34,20151117,1
34,20151118,1
34,20151119,1
35,20160212,1
35,20160213,1
35,20160216,1
35,20160217,1
35,20160218,1
35,20160219,1
35,20160220,1
35,20160223,1
35,20160224,1
35,20160225,1
35,20160226,1
35,20160227,1
35,20160301,1
35,20160302,1
35,20160303,1
35,20160304,1
35,20160305,1
35,20160308,1
35,20160309,1
35,20160310,1
35,20160311,1
35,20160312,1
35,20160315,1
36,20150926,1
36,20150927,1
37,20150919,1
37,20151003,1
37,20151010,1
37,20151017,1
37,20151024,1
37,20151031,1
37,20151107,1
37,20151114,1
37,20151121,1
37,20151128,1
37,20151205,1
37,20151212,1
37,20151219,1
37,20151226,1
37,20160102,1
37,20160109,1
37,20160116,1
37,20160123,1
37,20160130,1
37,20160206,1
37,20160213,1
37,20160220,1
37,20160227,1
37,20160305,1
37,20160312,1
38,20150920,1
38,20151004,1
38,20151011,1
38,20151018,1
38,20151025,1
38,20151101,1
38,20151108,1
38,20151115,1
38,20151122,1
38,20151129,1
38,20151206,1
38,20151213,1
38,20151220,1
38,20151227,1
38,20160103,1
38,20160110,1
38,20160117,1
38,20160124,1
38,20160131,1
38,20160207,1
38,20160214,1
38,20160221,1
38,20160228,1
38,20160306,1
38,20160313,1
